2.500000 1.596026 0.197903
7.500000 1.584461 0.170248
12.500000 1.490273 0.160346
17.500000 1.550905 0.192317
22.500000 1.436047 0.216443
27.500000 1.478202 0.170004
32.500000 1.494498 0.182619
37.500000 1.391504 0.112349
42.500000 1.523489 0.203560
47.500000 1.458476 0.156702
52.500000 1.465852 0.162185
57.500000 1.450818 0.184708
62.500000 1.471178 0.165850
67.500000 1.371913 0.128536
72.500000 1.542417 0.221542
77.500000 1.413101 0.148362
82.500000 1.444015 0.162878
87.500000 1.409590 0.171973
92.500000 1.444560 0.163853
97.500000 1.381847 0.146917
102.500000 1.380114 0.137049
107.500000 1.444411 0.197325
112.500000 1.353600 0.155658
117.500000 1.387433 0.152998
122.500000 1.369370 0.143864
127.500000 1.370288 0.139318
132.500000 1.369268 0.180224
137.500000 1.364589 0.149561
142.500000 1.369545 0.177778
147.500000 1.351662 0.129043
152.500000 1.301694 0.196419
157.500000 1.364867 0.117201
162.500000 1.275352 0.224595
167.500000 1.361680 0.206708
172.500000 1.318303 0.135026
177.500000 1.298636 0.171466
182.500000 1.315415 0.173016
187.500000 1.351035 0.153757
192.500000 1.316769 0.164927
197.500000 1.280602 0.105732
202.500000 1.182764 0.302764
207.500000 1.309803 0.093756
212.500000 1.342766 0.166882
217.500000 1.266791 0.138439
222.500000 1.270370 0.166181
227.500000 1.265888 0.125793
232.500000 1.207307 0.144079
237.500000 1.297872 0.145574
242.500000 1.310453 0.194219
247.500000 1.148896 0.149774
252.500000 1.364815 0.255217
257.500000 1.142790 0.199877
262.500000 1.355846 0.210821
267.500000 1.214949 0.103700
272.500000 1.274797 0.196601
277.500000 1.165692 0.108392
282.500000 1.183460 0.146395
287.500000 1.150094 0.118456
292.500000 1.263987 0.232502
297.500000 1.112896 0.149824
302.500000 1.156331 0.058116
307.500000 1.220939 0.153934
312.500000 1.179102 0.197030
317.500000 1.140611 0.094132
322.500000 1.204117 0.192578
327.500000 0.726781 0.683839
332.500000 1.526582 0.375598
337.500000 1.178939 0.097194
342.500000 1.099163 0.228148
347.500000 1.124796 0.109911
352.500000 1.072344 0.137034
357.500000 1.173181 0.238316
362.500000 1.069721 0.089685
367.500000 1.082316 0.120301
372.500000 1.104392 0.114102
377.500000 1.704026 0.495104
382.500000 0.588395 1.257372
387.500000 1.069391 0.145701
392.500000 1.109555 0.045603
397.500000 0.816123 0.248748
402.500000 1.258347 0.222294
407.500000 1.291065 0.258829
412.500000 0.706344 0.547523
417.500000 1.092492 0.241626
422.500000 1.128749 0.092357
427.500000 0.970552 0.140463
432.500000 1.027397 0.201524
437.500000 0.832225 0.194198
442.500000 1.063507 0.193646
447.500000 0.941021 0.111691
452.500000 1.031335 0.312818
457.500000 1.068630 0.204343
462.500000 1.543012 0.539496
467.500000 0.378306 2.065722
472.500000 0.835091 0.405730
477.500000 0.748332 0.532302
482.500000 1.196477 0.414622
487.500000 0.921078 0.284761
492.500000 0.936261 0.161891
497.500000 0.826364 0.179318
502.500000 1.010859 0.179420
507.500000 0.931590 0.342981
512.500000 0.958657 0.449571
517.500000 1.044274 0.257625
522.500000 0.764954 0.351071
527.500000 0.914741 0.152736
532.500000 0.870852 0.221340
537.500000 0.840237 0.244626
542.500000 0.960613 0.305565
547.500000 0.722903 0.621976
552.500000 0.606344 0.710311
557.500000 1.007583 0.312324
562.500000 0.942834 0.345958
567.500000 0.800087 0.154896
572.500000 0.714126 0.435737
577.500000 1.017283 0.187353
582.500000 0.879600 0.400750
587.500000 0.765011 0.455023
592.500000 1.095521 0.266642
597.500000 0.519108 0.929229
602.500000 1.802212 0.598801
607.500000 0.658193 0.487897
612.500000 1.870824 0.730641
617.500000 -0.610279 -2.798364
622.500000 2.185466 0.779027
627.500000 -0.584849 -2.831669
632.500000 0.744894 0.423121
637.500000 0.812623 0.296370
642.500000 0.738132 0.517568
647.500000 0.515969 0.449483
652.500000 0.667711 0.506872
657.500000 0.788753 0.630100
662.500000 1.130955 0.474179
667.500000 0.134640 6.688091
672.500000 0.930877 0.211607
677.500000 0.912660 0.905562
682.500000 0.386642 1.387480
687.500000 0.850231 0.459883
692.500000 0.645766 0.519102
697.500000 0.924130 0.571301
702.500000 0.674237 0.788689
707.500000 0.811012 0.308728
712.500000 0.759564 0.235961
717.500000 0.344022 1.642540
722.500000 1.321841 0.730369
727.500000 -0.030212 -29.122137
732.500000 -0.820291 -2.364906
737.500000 1.496346 1.687833
742.500000 0.208492 4.597911
747.500000 0.615813 0.984178
752.500000 0.466884 1.387601
757.500000 0.922495 0.189527
762.500000 0.754674 0.569239
767.500000 0.633911 1.017862
772.500000 0.553441 1.262843
777.500000 0.215844 2.148819
782.500000 0.492891 0.740959
787.500000 0.570037 0.541872
792.500000 0.574289 0.487205
797.500000 0.669537 0.379630
802.500000 0.513392 0.180630
807.500000 0.204953 3.294307
812.500000 0.428328 1.026672
817.500000 0.646228 0.965561
822.500000 1.365335 0.686006
827.500000 0.480151 2.360615
832.500000 0.611252 0.846475
837.500000 0.495136 1.150923
842.500000 0.688779 2.031886
847.500000 0.206407 5.903573
852.500000 0.701021 0.400091
857.500000 0.989419 1.109016
862.500000 -0.274461 -5.239595
867.500000 0.993283 1.970810
872.500000 -0.551543 -4.291207
877.500000 0.730159 0.858333
882.500000 0.078216 11.359551
887.500000 -0.687618 -2.675851
892.500000 2.059569 1.165530
897.500000 0.591813 0.807534
902.500000 -0.147981 -7.800380
907.500000 0.311225 1.532872
912.500000 0.213638 2.043562
917.500000 0.732868 0.699247
922.500000 0.536352 1.338588
927.500000 0.517815 1.238117
932.500000 0.594348 0.717070
937.500000 0.322896 1.360833
942.500000 -0.000867 -1199.500000
947.500000 -0.030866 -53.390977
952.500000 0.704508 2.013626
957.500000 0.450194 0.948110
962.500000 0.250999 3.641638
967.500000 -0.148968 -5.378378
972.500000 0.285899 3.436199
977.500000 -0.294312 -4.645191
982.500000 0.411054 0.541652
987.500000 -0.202371 -5.057221
992.500000 0.261380 1.158120
997.500000 0.414599 1.399168
1002.500000 0.644390 1.282491
1007.500000 0.589717 2.224199
1012.500000 -0.375325 -2.785874
1017.500000 0.140810 7.221138
1022.500000 -0.086568 -9.577652
1027.500000 0.607579 1.257479
1032.500000 -0.476260 -2.520605
1037.500000 0.366371 1.782448
1042.500000 -0.148750 -6.021858
1047.500000 0.953045 1.171776
1052.500000 -0.039497 -24.397590
1057.500000 0.191911 2.688067
1062.500000 0.987883 1.304161
1067.500000 -0.647829 -1.708676
1072.500000 0.080145 25.254902
1077.500000 1.213805 2.071097
1082.500000 -0.125867 -16.394595
1087.500000 -0.079345 -16.994018
1092.500000 -0.022393 -31.215686
1097.500000 1.157764 1.323556
1102.500000 0.534809 3.868441
1107.500000 1.579498 1.350622
1112.500000 -2.807394 -1.787496
1117.500000 -0.250275 -5.619067
1122.500000 -0.123165 -3.639794
1127.500000 0.183230 7.961916
1132.500000 1.153725 1.783505
1137.500000 -0.621404 -3.801437
1142.500000 0.078613 16.141431
1147.500000 0.161655 4.299301
1152.500000 1.176856 1.058998
1157.500000 -1.262774 -1.562984
1162.500000 0.036346 48.596491
1167.500000 0.225259 1.334641
1172.500000 -0.109642 -18.913043
1177.500000 -0.847772 -1.458719
1182.500000 0.188766 2.552324
1187.500000 0.937869 2.374189
1192.500000 0.651892 1.725041
1197.500000 -1.137914 -1.897132
1202.500000 -0.197554 -9.675234
1207.500000 2.323497 1.424620
1212.500000 -2.190538 -1.296465
1217.500000 -0.223289 -3.988106
1222.500000 2.090458 1.422803
1227.500000 -0.192000 -25.948276
1232.500000 -1.522684 -1.639581
1237.500000 -0.116937 -8.054945
1242.500000 -1.065753 -1.179143
1247.500000 0.117526 4.746943
1252.500000 1.021277 1.735679
1257.500000 1.225528 1.911872
1262.500000 -0.905998 -1.424818
1267.500000 -0.140078 -6.328283
1272.500000 1.389248 1.934536
1277.500000 -1.328434 -1.033974
1282.500000 0.776201 1.438095
1287.500000 -0.778261 -2.243945
1292.500000 0.955020 2.353368
1297.500000 1.059283 3.032008
1302.500000 -2.033396 -1.461297
1307.500000 -0.434341 -4.023398
1312.500000 1.285826 0.684818
1317.500000 -3.372093 -1.652801
1322.500000 7.813289 1.177048
1327.500000 -6.651886 -1.159645
1332.500000 1.242962 1.624177
1337.500000 -0.852922 -1.916838
1342.500000 0.556326 1.229625
1347.500000 0.158296 18.318182
1352.500000 0.152917 6.811321
1357.500000 2.876785 1.887255
1362.500000 -1.624689 -1.549439
1367.500000 1.673327 1.097194
1372.500000 -1.927995 -1.079374
1377.500000 -0.674424 -3.096360
1382.500000 0.234187 13.963455
1387.500000 -0.354633 -5.991919
1392.500000 18.313775 1.106203
1397.500000 -26.535807 -1.069240
1402.500000 -0.793173 -1.268025
1407.500000 1.343324 1.096536
1412.500000 1.448286 2.135230
1417.500000 -2.138242 -1.880910
1422.500000 -1.420602 -1.386261
1427.500000 1.830665 1.092817
1432.500000 -0.919106 -2.947063
1437.500000 -2.149562 -1.258784
1442.500000 1.321919 1.372074
1447.500000 0.258938 12.780161
1452.500000 -1.121031 -2.277920
1457.500000 -0.611032 -3.887065
1462.500000 5.120327 1.707023
1467.500000 -3.001738 -1.837916
1472.500000 -3.499362 -1.123496
1477.500000 -0.126936 -12.965142
1482.500000 -1.003526 -2.780966
1487.500000 -2.005574 -1.610103
1492.500000 1.952443 1.554678
1497.500000 0.627914 3.533643
1502.500000 0.003737 549.933333
1507.500000 -0.288035 -6.143167
1512.500000 -0.541707 -4.415929
1517.500000 -3.124561 -1.087028
1522.500000 0.910133 5.443722
1527.500000 1.202145 3.723404
1532.500000 -0.011635 -171.944444
1537.500000 -0.184581 -7.627358
1542.500000 0.317395 8.060498
1547.500000 -4.180469 -1.050351
1552.500000 1.746979 0.892528
1557.500000 -2.348391 -1.281396
1562.500000 0.099744 32.119658
1567.500000 -0.431173 -8.929988
1572.500000 0.543286 2.884555
1577.500000 0.432641 4.094437
1582.500000 -1.194392 -1.955606
1587.500000 1.026185 3.500252
1592.500000 -0.900875 -1.876089
1597.500000 -5.150713 -1.113119
1602.500000 5.264823 1.236216
1607.500000 -3.505130 -1.633084
1612.500000 2.451267 2.394720
1617.500000 -0.914433 -2.072657
1622.500000 -1.643815 -1.630887
1627.500000 1.680346 1.395720
1632.500000 -1.583382 -1.230669
1637.500000 -0.039481 -38.991525
1642.500000 -0.210732 -3.740584
1647.500000 -1.187435 -1.789242
1652.500000 -1.342898 -2.054918
1657.500000 -0.926378 -2.977997
1662.500000 0.242477 3.012308
1667.500000 -0.192549 -6.271439
1672.500000 -0.347135 -1.900270
1677.500000 -0.158485 -12.701083
1682.500000 -1.215559 -1.280323
1687.500000 -0.799837 -1.737935
1692.500000 0.367433 3.057046
1697.500000 -0.737246 -3.572592
1702.500000 -0.193893 -12.050661
1707.500000 0.209042 11.659218
1712.500000 -2.899096 -1.136528
1717.500000 1.465729 1.576914
1722.500000 -0.253601 -3.548800
1727.500000 -0.152102 -5.600962
1732.500000 0.241668 4.189100
1737.500000 -0.373131 -5.755214
1742.500000 -0.450661 -4.369931
1747.500000 -0.677211 -4.588179
1752.500000 -1.989552 -2.273818
1757.500000 1.920127 1.727136
1762.500000 -0.644238 -2.449297
1767.500000 -0.793158 -1.213420
1772.500000 -4.191840 -1.240630
1777.500000 3.710425 1.308359
1782.500000 0.904832 1.804298
1787.500000 -1.520711 -1.125774
1792.500000 1.487546 2.208894
1797.500000 0.206874 14.022124
