2.500000  1.419976  0.165412  0.116489
7.500000  1.622937  0.195706  0.120588
12.500000  1.698419  0.241935  0.142447
17.500000  1.486127  0.136612  0.0919248
22.500000  1.467021  0.162195  0.110561
27.500000  1.521048  0.161990  0.106499
32.500000  1.438807  0.120680  0.083875
37.500000  1.514769  0.153617  0.101413
42.500000  1.469644  0.173785  0.11825
47.500000  1.452852  0.158859  0.109343
52.500000  1.443358  0.133070  0.0921947
57.500000  1.465649  0.161343  0.110083
62.500000  1.395046  0.147196  0.105513
67.500000  1.470598  0.147087  0.100018
72.500000  1.571495  0.236119  0.150251
77.500000  1.337989  0.229551  0.171564
82.500000  1.506636  0.192386  0.127692
87.500000  1.414488  0.144721  0.102313
92.500000  1.542800  0.217626  0.141059
97.500000  1.370808  0.127498  0.0930094
102.500000  1.391599  0.159043  0.114288
107.500000  1.421549  0.124229  0.0873899
112.500000  1.412466  0.172173  0.121895
117.500000  1.367997  0.149987  0.10964
122.500000  1.385023  0.127522  0.0920721
127.500000  1.351711  0.140366  0.103843
132.500000  1.571771  0.235309  0.149709
137.500000  1.282955  0.095550  0.0744765
142.500000  1.470809  0.199519  0.135653
147.500000  1.347582  0.133992  0.0994314
152.500000  1.439723  0.179478  0.124661
157.500000  1.379039  0.136762  0.099172
162.500000  1.370206  0.178499  0.130272
167.500000  1.448634  0.214593  0.148135
172.500000  1.374646  0.097025  0.0705818
177.500000  1.328965  0.201011  0.151254
182.500000  1.346431  0.156091  0.115929
187.500000  1.373226  0.144134  0.10496
192.500000  1.369885  0.185783  0.135619
197.500000  1.402030  0.146364  0.104394
202.500000  1.288480  0.222426  0.172627
207.500000  1.349467  0.147136  0.109033
212.500000  1.371590  0.120444  0.0878134
217.500000  1.407920  0.228791  0.162503
222.500000  1.343317  0.157954  0.117585
227.500000  1.549793  0.251914  0.162547
232.500000  1.263549  0.243932  0.193053
237.500000  1.311203  0.060121  0.0458518
242.500000  1.409961  0.165768  0.117569
247.500000  1.352389  0.222061  0.164199
252.500000  1.336297  0.108620  0.0812843
257.500000  1.336614  0.140842  0.105372
262.500000  1.415252  0.188797  0.133402
267.500000  1.310008  0.090298  0.0689294
272.500000  1.346174  0.162724  0.120879
277.500000  1.320957  0.227358  0.172116
282.500000  1.377827  0.193005  0.140079
287.500000  1.314155  0.199712  0.15197
292.500000  1.258756  0.141005  0.112019
297.500000  1.435888  0.210701  0.146739
302.500000  1.371112  0.206579  0.150665
307.500000  2.248960  0.552391  0.245621
312.500000  0.346257  3.698842  10.6824
317.500000  1.254316  0.200620  0.159944
322.500000  1.229118  0.264465  0.215166
327.500000  1.562346  0.297667  0.190526
332.500000  1.145067  0.321947  0.28116
337.500000  1.241834  0.237734  0.191438
342.500000  1.342800  0.204777  0.1525
347.500000  1.264463  0.136118  0.107649
352.500000  1.296578  0.172434  0.132992
357.500000  1.257143  0.175889  0.139912
362.500000  1.419764  0.198029  0.13948
367.500000  1.208822  0.149099  0.123342
372.500000  1.258800  0.182355  0.144864
377.500000  1.429712  0.211016  0.147593
382.500000  1.190433  0.183545  0.154183
387.500000  1.415805  0.278660  0.196821
392.500000  1.251225  0.082251  0.0657364
397.500000  1.296312  0.189432  0.146131
402.500000  1.426940  0.353376  0.247646
407.500000  1.161479  0.328095  0.28248
412.500000  1.068438  0.084748  0.0793195
417.500000  1.414598  0.176338  0.124656
422.500000  1.181347  0.089646  0.0758846
427.500000  1.222910  0.239873  0.196149
432.500000  1.088050  0.298209  0.274077
437.500000  1.351587  0.212847  0.157479
442.500000  1.143717  0.200284  0.175117
447.500000  1.252934  0.230371  0.183865
452.500000  1.507151  0.227106  0.150686
457.500000  1.166235  0.352404  0.302172
462.500000  1.346914  0.275133  0.204269
467.500000  1.060009  0.218128  0.205779
472.500000  1.367245  0.178580  0.130613
477.500000  1.363320  0.237269  0.174038
482.500000  1.938425  0.541127  0.279158
487.500000  0.242166  4.142173  17.1047
492.500000  1.304962  0.246580  0.188956
497.500000  1.202571  0.186141  0.154786
502.500000  1.236128  0.242907  0.196506
507.500000  1.195411  0.285862  0.239133
512.500000  1.332717  0.087845  0.0659142
517.500000  1.167169  0.156140  0.133777
522.500000  1.258220  0.207930  0.165257
527.500000  1.170072  0.224448  0.191824
532.500000  1.152067  0.090228  0.0783184
537.500000  1.275208  0.303236  0.237793
542.500000  1.226096  0.305775  0.249389
547.500000  1.253826  0.308127  0.245749
552.500000  1.306404  0.244799  0.187384
557.500000  1.108112  0.290938  0.262553
562.500000  1.097342  0.399301  0.36388
567.500000  1.186479  0.233929  0.197162
572.500000  1.314556  0.227944  0.1734
577.500000  1.056519  0.261328  0.247348
582.500000  1.319050  0.492817  0.373615
587.500000  1.380963  0.300450  0.217566
592.500000  2.097272  0.546764  0.260702
597.500000  0.076410  13.806604  180.691
602.500000  1.407516  0.277332  0.197036
607.500000  0.936018  0.515615  0.55086
612.500000  1.044110  0.540531  0.517695
617.500000  1.324695  0.439172  0.331527
622.500000  1.056904  0.227093  0.214866
627.500000  1.162556  0.329081  0.283067
632.500000  1.235149  0.262411  0.212453
637.500000  1.159623  0.490849  0.423283
642.500000  1.137748  0.652031  0.573089
647.500000  1.152718  0.412937  0.358229
652.500000  1.015561  0.635653  0.625913
657.500000  1.368865  0.606749  0.44325
662.500000  0.323644  3.501885  10.8202
667.500000  1.747707  0.824587  0.471811
672.500000  0.999174  0.985740  0.986555
677.500000  0.904436  0.443458  0.490314
682.500000  1.418707  0.314912  0.221971
687.500000  1.073384  0.168380  0.156868
692.500000  1.237344  0.182955  0.147861
697.500000  1.102038  0.322259  0.292421
702.500000  0.807578  0.284418  0.352186
707.500000  1.123432  0.336311  0.29936
712.500000  1.658501  0.696208  0.419781
717.500000  0.816498  1.294897  1.58592
722.500000  1.032264  0.226511  0.219431
727.500000  0.801731  0.392288  0.489301
732.500000  0.899549  0.314245  0.349336
737.500000  1.142099  0.229310  0.200779
742.500000  1.440124  0.523604  0.363583
747.500000  0.687201  1.093188  1.59078
752.500000  0.900675  0.459842  0.510553
757.500000  1.214822  0.500000  0.411583
762.500000  0.945874  0.195512  0.2067
767.500000  0.959107  0.500217  0.521545
772.500000  0.902834  0.501896  0.555912
777.500000  0.716662  0.769563  1.07382
782.500000  1.269455  0.608891  0.479648
787.500000  0.894451  1.001912  1.12014
792.500000  0.537552  1.490660  2.77305
797.500000  1.064471  0.670738  0.630114
802.500000  0.816205  0.981412  1.20241
807.500000  1.192609  0.566197  0.474755
812.500000  0.946701  0.657305  0.694311
817.500000  0.975897  0.537847  0.551131
822.500000  0.644980  0.568156  0.880889
827.500000  1.276372  0.484362  0.379483
832.500000  1.053027  0.500183  0.474995
837.500000  1.060520  0.461900  0.435541
842.500000  0.866139  0.512276  0.591448
847.500000  0.890307  0.558792  0.62764
852.500000  0.764528  0.263546  0.344717
857.500000  1.264038  0.348002  0.27531
862.500000  0.927975  0.979479  1.0555
867.500000  0.663663  1.319818  1.98869
872.500000  0.916314  0.442786  0.483225
877.500000  0.934345  0.722705  0.773488
882.500000  -17.189857  -1.071763  0.0623486
887.500000  20.703545  0.965234  0.0466217
892.500000  0.910177  0.391833  0.430502
897.500000  0.864686  0.673278  0.778639
902.500000  0.561388  0.917234  1.63387
907.500000  1.115617  0.630952  0.565563
912.500000  0.848018  1.145400  1.35068
917.500000  1.086824  0.432177  0.397651
922.500000  0.699791  0.512031  0.731691
927.500000  3.808907  0.846718  0.222299
932.500000  -1.778562  -2.946324  1.65658
937.500000  -0.263387  -4.523487  17.1743
942.500000  0.431083  2.553431  5.92329
947.500000  1.933800  0.638592  0.330226
952.500000  -0.571831  -3.642646  6.37014
957.500000  0.761864  1.574349  2.06644
962.500000  1.303895  0.834535  0.640032
967.500000  1.041161  1.075166  1.03266
972.500000  1.002502  1.374376  1.37095
977.500000  0.963605  0.843432  0.875288
982.500000  0.882187  0.687324  0.779114
987.500000  2.466530  0.979467  0.397103
992.500000  -1.071202  -2.455218  2.29202
997.500000  0.514231  1.345405  2.61634
1002.500000  1.033059  0.484405  0.468904
1007.500000  0.621594  0.577598  0.929221
1012.500000  1.218704  0.593233  0.486774
1017.500000  2.179966  1.182075  0.542245
1022.500000  -1.072850  -2.919308  2.72108
1027.500000  1.297107  0.493936  0.380798
1032.500000  -0.278292  -6.020888  21.6351
1037.500000  1.249723  0.899456  0.719724
1042.500000  0.854000  0.305677  0.357936
1047.500000  0.546251  0.771062  1.41155
1052.500000  0.590225  0.638940  1.08254
1057.500000  0.718820  0.978625  1.36143
1062.500000  0.519754  1.294414  2.49044
1067.500000  1.030550  0.649505  0.630251
1072.500000  -0.044214  -39.024691  882.632
1077.500000  0.658155  1.083573  1.64638
1082.500000  0.959283  1.219303  1.27106
1087.500000  0.498425  3.675562  7.37435
1092.500000  1.502587  0.919190  0.611738
1097.500000  -0.147374  -11.030651  74.848
1102.500000  0.816549  0.373740  0.457707
1107.500000  1.401618  0.654061  0.466647
1112.500000  -0.178187  -8.631034  48.4381
1117.500000  0.758298  2.512933  3.31391
1122.500000  0.987897  0.758029  0.767316
1127.500000  0.503476  4.066404  8.07666
1132.500000  1.330698  2.453465  1.84374
1137.500000  -1.354468  -1.710649  1.26297
1142.500000  1.821938  0.640325  0.351453
1147.500000  0.584834  0.989787  1.69242
1152.500000  0.946694  0.845393  0.892995
1157.500000  0.610182  0.377694  0.618986
1162.500000  -1.440849  -2.256273  1.56593
1167.500000  2.918473  1.190082  0.407776
1172.500000  0.478392  1.569255  3.28027
1177.500000  4.248632  1.110745  0.261436
1182.500000  -1.158714  -3.370227  2.90859
1187.500000  0.070188  19.315789  275.201
1192.500000  0.889659  0.997858  1.12162
1197.500000  0.542694  1.369183  2.52294
1202.500000  0.797998  0.959365  1.20221
1207.500000  0.936714  1.618143  1.72747
1212.500000  -0.105117  -14.131868  134.439
1217.500000  0.495256  2.376462  4.79845
1222.500000  0.691149  1.361926  1.97052
1227.500000  0.898866  1.219108  1.35627
1232.500000  0.581373  1.957399  3.36686
1237.500000  0.993232  0.705935  0.710745
1242.500000  0.546905  0.588681  1.07639
1247.500000  0.588754  0.712099  1.2095
1252.500000  1.007923  0.964163  0.956584
1257.500000  0.499582  3.031621  6.06832
1262.500000  0.215000  4.621467  21.4952
1267.500000  0.945340  2.469251  2.61202
1272.500000  0.717201  1.110796  1.54879
1277.500000  0.701059  1.143745  1.63145
1282.500000  0.246831  3.091023  12.5228
1287.500000  2.011416  1.174927  0.584129
1292.500000  -0.182794  -6.767556  37.0229
1297.500000  0.439393  1.696931  3.86199
1302.500000  0.995390  0.986932  0.991503
1307.500000  0.934733  1.208460  1.29284
1312.500000  -0.039491  -39.934473  1011.23
1317.500000  0.623337  2.205868  3.5388
1322.500000  0.784147  2.068493  2.63789
1327.500000  2.566015  1.127302  0.43932
1332.500000  -1.653279  -1.760554  1.06489
1337.500000  0.425240  3.503291  8.23839
1342.500000  0.889130  1.665140  1.87277
1347.500000  0.260969  2.852602  10.9308
1352.500000  1.256895  0.811696  0.645795
1357.500000  0.239249  3.831386  16.0142
1362.500000  0.810199  2.165618  2.67295
1367.500000  -0.063266  -10.084282  159.395
1372.500000  -0.841661  -2.216499  2.63348
1377.500000  1.477179  0.891943  0.603815
1382.500000  0.571619  2.387172  4.17616
1387.500000  1.097766  1.768171  1.6107
1392.500000  0.300581  3.186795  10.6021
1397.500000  0.919641  0.883085  0.96025
1402.500000  0.068473  18.425474  269.091
1407.500000  -0.010672  -96.639344  9055.41
1412.500000  0.024513  47.984848  1957.53
1417.500000  0.603604  1.641791  2.71998
1422.500000  0.515327  1.512273  2.93459
1427.500000  0.298729  3.094926  10.3603
1432.500000  0.879051  1.696233  1.92962
1437.500000  0.552649  1.085821  1.96476
1442.500000  -0.919897  -2.195809  2.38702
1447.500000  1.318377  1.640918  1.24465
1452.500000  -0.268106  -5.870996  21.898
1457.500000  0.694211  1.393758  2.00769
1462.500000  -0.044918  -10.549598  234.863
1467.500000  0.915800  1.120966  1.22403
1472.500000  1.766889  0.950115  0.537733
1477.500000  18.046387  1.271544  0.0704598
1482.500000  -14.334987  -1.419578  0.0990289
1487.500000  -2.661184  -1.843016  0.692555
1492.500000  0.399345  3.621311  9.06813
1497.500000  39.030065  1.007749  0.0258198
1502.500000  -39.715613  -1.025836  0.0258295
1507.500000  0.271017  7.118168  26.2647
1512.500000  -0.007923  -168.565217  21275.4
1517.500000  0.729299  2.604494  3.57123
1522.500000  -0.140509  -4.160521  29.6104
1527.500000  1.460361  0.762066  0.521834
1532.500000  0.163034  7.326316  44.9374
1537.500000  -0.564433  -3.747336  6.63912
1542.500000  -0.524296  -3.954829  7.54312
1547.500000  1.033545  1.856850  1.79658
1552.500000  0.329839  4.341085  13.1612
1557.500000  -0.581289  -2.629471  4.52352
1562.500000  0.196467  5.793860  29.4902
1567.500000  0.185648  8.203166  44.1867
1572.500000  0.667528  1.693274  2.53663
1577.500000  -0.349655  -2.804776  8.02155
1582.500000  0.576342  2.379878  4.12928
1587.500000  0.719701  1.474719  2.04907
1592.500000  -0.557926  -1.506845  2.7008
1597.500000  0.568130  3.126126  5.50248
1602.500000  -0.373271  -5.115830  13.7054
1607.500000  0.917514  2.570621  2.80172
1612.500000  0.821145  0.980404  1.19395
1617.500000  2.674694  1.427791  0.533815
1622.500000  -1.281608  -2.475548  1.9316
1627.500000  0.277352  11.027650  39.7605
1632.500000  -0.258583  -3.263107  12.6192
1637.500000  1.714974  2.745140  1.60069
1642.500000  -1.101073  -2.027712  1.84158
1647.500000  0.511105  0.857048  1.67685
1652.500000  2.065967  0.991695  0.480015
1657.500000  5.607840  1.412305  0.251845
1662.500000  -4.087226  -1.430065  0.349886
1667.500000  1.013566  1.915990  1.89035
1672.500000  -1.475573  -2.268018  1.53704
1677.500000  0.127920  16.753623  130.97
1682.500000  1.861847  1.460332  0.784346
1687.500000  -0.338571  -10.590717  31.2806
1692.500000  -0.262931  -6.681906  25.4132
1697.500000  -0.619866  -3.190712  5.14742
1702.500000  0.550789  2.705610  4.91224
1707.500000  1.522256  1.302522  0.855652
1712.500000  -0.458554  -4.562650  9.95008
1717.500000  -0.204737  -5.587038  27.2889
1722.500000  0.815789  2.784205  3.4129
1727.500000  2.630344  1.858533  0.706574
1732.500000  -0.758886  -9.636076  12.6977
1737.500000  -0.072448  -91.369231  1261.17
1742.500000  -0.733947  -3.181341  4.33457
1747.500000  -1.544831  -4.085427  2.64458
1752.500000  -0.340577  -8.798507  25.8341
1757.500000  -0.717863  -2.301720  3.20635
1762.500000  0.324707  3.413036  10.5111
1767.500000  -1.466497  -1.618560  1.10369
1772.500000  1.318157  1.522446  1.15498
1777.500000  0.719860  2.117476  2.94151
1782.500000  -0.733946  -2.406245  3.2785
1787.500000  3.591986  1.352592  0.376558
1792.500000  3.554909  3.040098  0.855183
1797.500000  -0.072183  -28.537549  395.35
